-7pm (chaque 3eme Mardi de chaque mois)         Wearable Computing - Toe Keyboard
	Denison Centre Mall:  Food court
	1661 Denison St, Markham
	43.8330,-79.3059







https://www.eventbrite.ca/o/wearable-computing-toe-keyboard-13128743367
	https://www.eventbrite.ca/e/wearable-computing-toe-keyboard-tickets-32649835537

	--2017
	jul 18
	aug 15          last toekeyboard snapd posting.  repost
	sep 19
	oct 17
	nov 21
	dec 19
	--2018
	jan 16
	feb 20
	mar 20



https://kiwiirc.com/client/irc.freenode.net/?nick=a|?#toekeyboard






~$ncal 2017
                                  2017
    January           February          March             April             
Su  1  8 15 22 29        5 12 19 26        5 12 19 26        2  9 16 23 30
Mo  2  9 16 23 30        6 13 20 27        6 13 20 27        3 10 17 24   
Tu  3 10 17 24 31        7 14 21 28        7 14 21 28        4 11 18 25   
We  4 11 18 25        1  8 15 22        1  8 15 22 29        5 12 19 26   
Th  5 12 19 26        2  9 16 23        2  9 16 23 30        6 13 20 27   
Fr  6 13 20 27        3 10 17 24        3 10 17 24 31        7 14 21 28   
Sa  7 14 21 28        4 11 18 25        4 11 18 25        1  8 15 22 29   

    May               June              July              August            
Su     7 14 21 28        4 11 18 25        2  9 16 23 30     6 13 20 27   
Mo  1  8 15 22 29        5 12 19 26        3 10 17 24 31     7 14 21 28   
Tu  2  9 16 23 30        6 13 20 27        4 11 18 25     1  8 15 22 29   
We  3 10 17 24 31        7 14 21 28        5 12 19 26     2  9 16 23 30   
Th  4 11 18 25        1  8 15 22 29        6 13 20 27     3 10 17 24 31   
Fr  5 12 19 26        2  9 16 23 30        7 14 21 28     4 11 18 25      
Sa  6 13 20 27        3 10 17 24        1  8 15 22 29     5 12 19 26      

    September         October           November          December          
Su     3 10 17 24     1  8 15 22 29        5 12 19 26        3 10 17 24 31
Mo     4 11 18 25     2  9 16 23 30        6 13 20 27        4 11 18 25   
Tu     5 12 19 26     3 10 17 24 31        7 14 21 28        5 12 19 26   
We     6 13 20 27     4 11 18 25        1  8 15 22 29        6 13 20 27   
Th     7 14 21 28     5 12 19 26        2  9 16 23 30        7 14 21 28   
Fr  1  8 15 22 29     6 13 20 27        3 10 17 24        1  8 15 22 29   
Sa  2  9 16 23 30     7 14 21 28        4 11 18 25        2  9 16 23 30   




~$ncal 2018
                                  2018
    January           February          March             April             
Su     7 14 21 28        4 11 18 25        4 11 18 25     1  8 15 22 29   
Mo  1  8 15 22 29        5 12 19 26        5 12 19 26     2  9 16 23 30   
Tu  2  9 16 23 30        6 13 20 27        6 13 20 27     3 10 17 24      
We  3 10 17 24 31        7 14 21 28        7 14 21 28     4 11 18 25      
Th  4 11 18 25        1  8 15 22        1  8 15 22 29     5 12 19 26      
Fr  5 12 19 26        2  9 16 23        2  9 16 23 30     6 13 20 27      
Sa  6 13 20 27        3 10 17 24        3 10 17 24 31     7 14 21 28      

    May               June              July              August            
Su     6 13 20 27        3 10 17 24     1  8 15 22 29        5 12 19 26   
Mo     7 14 21 28        4 11 18 25     2  9 16 23 30        6 13 20 27   
Tu  1  8 15 22 29        5 12 19 26     3 10 17 24 31        7 14 21 28   
We  2  9 16 23 30        6 13 20 27     4 11 18 25        1  8 15 22 29   
Th  3 10 17 24 31        7 14 21 28     5 12 19 26        2  9 16 23 30   
Fr  4 11 18 25        1  8 15 22 29     6 13 20 27        3 10 17 24 31   
Sa  5 12 19 26        2  9 16 23 30     7 14 21 28        4 11 18 25      

    September         October           November          December          
Su     2  9 16 23 30     7 14 21 28        4 11 18 25        2  9 16 23 30
Mo     3 10 17 24     1  8 15 22 29        5 12 19 26        3 10 17 24 31
Tu     4 11 18 25     2  9 16 23 30        6 13 20 27        4 11 18 25   
We     5 12 19 26     3 10 17 24 31        7 14 21 28        5 12 19 26   
Th     6 13 20 27     4 11 18 25        1  8 15 22 29        6 13 20 27   
Fr     7 14 21 28     5 12 19 26        2  9 16 23 30        7 14 21 28   
Sa  1  8 15 22 29     6 13 20 27        3 10 17 24        1  8 15 22 29   

